OTU ID	ARM1	ARM2	ARM3	ARM4	ARM5	BRM1	BRM2	BRM4	BRM5	CRM1	CRM2	CRM3	CRM4	CRM5	DRM1	DRM2	DRM4	DRM5
1CMET2-PWY	14553	13238	12360	13693	17524	17208	17054	14651	13340	16975	20692	13824	20090	13301	15925	14361	13161	15970
3-HYDROXYPHENYLACETATE-DEGRADATION-PWY	49	144	30	89	41	49	42	79	142	25	26	51	49	84	57	176	109	117
AEROBACTINSYN-PWY	11	20	0	0	1	3	29	0	11	0	3	27	9	7	18	0	0	30
ALL-CHORISMATE-PWY	611	388	93	0	133	121	648	0	0	0	106	959	0	0	579	0	0	220
ANAEROFRUCAT-PWY	9700	9983	10163	10903	6448	4494	4377	8393	4292	7771	4859	7791	4142	7456	8615	11378	10303	7726
ANAGLYCOLYSIS-PWY	17997	16449	16239	17658	20557	18935	19376	17826	17717	19755	23184	16472	21830	17537	18461	18400	17279	18911
ARG+POLYAMINE-SYN	4156	4848	3906	4841	3054	2190	3386	3635	4196	2448	1558	3908	1626	3498	3135	3727	4220	2081
ARGDEG-PWY	96	6	0	0	0	0	5	0	0	17	0	86	0	0	0	0	0	31
ARGORNPROST-PWY	697	475	536	544	284	391	781	785	328	330	519	2066	219	1102	2189	799	619	820
ARGSYN-PWY	15980	14649	15144	15099	18617	16574	16905	17327	15840	18360	21294	14864	20846	16204	16487	15663	15884	17648
ARGSYNBSUB-PWY	17091	15961	16245	16113	19916	17286	17831	18650	17144	19771	22562	16099	22132	17332	17303	17055	16927	18728
ARO-PWY	17304	15798	16226	16344	19080	16694	17539	17817	17105	18694	21164	15422	20911	17072	17173	16872	16962	18153
ASPASN-PWY	1062	351	902	1412	1236	1756	1167	1962	4763	1859	613	2119	624	2394	2920	951	686	1616
AST-PWY	671	119	89	325	18	39	310	175	18	19	65	1107	28	146	828	277	586	169
BIOTIN-BIOSYNTHESIS-PWY	5973	5379	5644	4788	3188	2009	4369	4689	4646	4375	2248	6713	2365	4952	6188	5208	4623	4027
BRANCHED-CHAIN-AA-SYN-PWY	23347	23700	22726	23098	26252	22320	25019	23850	21926	25656	29891	22048	28965	22950	22935	23428	23065	24721
CALVIN-PWY	17773	16760	16716	17438	21178	21797	19568	18905	18439	20933	23725	16666	23330	17995	18421	18177	17551	19652
CATECHOL-ORTHO-CLEAVAGE-PWY	414	284	263	388	190	101	333	271	188	76	38	435	77	283	256	315	363	375
CENTBENZCOA-PWY	0	0	0	0	0	0	1	0	0	0	0	0	0	0	0	0	0	0
CENTFERM-PWY	369	213	344	280	180	227	444	272	114	236	279	165	255	430	495	130	225	356
CHLOROPHYLL-SYN	714	1312	2109	1934	1526	1398	921	1263	2786	671	387	778	654	1238	596	1040	788	933
COA-PWY	15889	15344	15322	16089	18556	19432	17389	16179	15698	17802	21080	15113	20657	15951	15875	16356	16400	17207
COBALSYN-PWY	5641	7889	6351	6861	4398	3989	4535	4814	7062	5653	3170	6844	3090	3862	5360	7037	4622	4185
CODH-PWY	3521	2794	3126	2937	2520	1153	1654	4882	4069	3170	2327	3134	4781	3543	1616	3802	4558	3978
COLANSYN-PWY	9253	10813	10611	9745	11380	9811	7899	8917	11069	7985	8846	8021	6480	9654	7091	8912	9831	7948
COMPLETE-ARO-PWY	18115	16823	17154	17469	20391	17685	18775	18875	18114	19518	22704	16491	22093	18039	18206	17843	18179	19202
CRNFORCAT-PWY	216	313	450	378	339	476	2054	536	360	136	295	728	148	775	476	369	237	383
DAPLYSINESYN-PWY	12679	12843	12747	12008	10511	14588	12323	13869	11914	15206	9619	12998	11958	13540	12615	11816	12966	13396
DENITRIFICATION-PWY	328	360	241	529	118	87	85	163	65	72	186	277	129	150	176	591	376	173
DENOVOPURINE2-PWY	8746	7582	9928	5807	8884	8615	9267	14408	12476	13828	9450	10597	14712	12823	12296	8431	12129	13372
DHGLUCONATE-PYR-CAT-PWY	0	0	0	0	0	12	11	0	14	2	0	0	0	0	0	48	0	54
DTDPRHAMSYN-PWY	16850	15925	15476	16649	19199	16321	17848	17137	17002	18260	20981	15029	20705	16658	16812	16576	16333	17657
ECASYN-PWY	1	3	3	0	0	3	0	0	0	0	0	0	0	0	1	0	0	0
ENTBACSYN-PWY	79	44	9	0	16	113	87	0	0	0	46	104	0	0	73	0	0	23
FAO-PWY	9013	9575	10125	10196	5068	6502	7684	6621	7939	4544	4205	9678	3387	8584	8663	9163	9021	7277
FASYN-ELONG-PWY	14638	19243	17728	16313	12741	16562	13772	15859	16337	14963	9172	16596	11004	16076	12833	15120	15875	14199
FASYN-INITIAL-PWY	6066	8031	6254	4978	2581	1397	4224	3430	3591	3556	1712	7903	1504	4364	6659	4713	3806	3024
FERMENTATION-PWY	6882	6365	5729	6233	6471	6199	3733	4915	7128	3847	3360	6412	2582	4476	6718	6391	4833	3382
FOLSYN-PWY	13326	11299	11689	12699	15739	14377	13459	13843	13095	14902	16588	12503	16679	12809	13649	13307	12986	14649
FUC-RHAMCAT-PWY	1	10	27	11	16	21	33	36	2	3	25	12	7	18	28	33	16	0
FUCCAT-PWY	52	30	64	31	26	43	31	44	13	5	35	24	14	22	19	38	31	43
GALACT-GLUCUROCAT-PWY	1105	747	1158	980	846	645	1018	1360	547	762	531	724	516	1189	1110	999	1054	1264
GALACTARDEG-PWY	30	17	2	0	23	12	16	8	15	8	10	16	0	12	29	32	35	65
GALACTUROCAT-PWY	2786	2935	2950	2522	1804	3151	2647	2265	1614	1818	1107	2050	892	2136	2015	1916	2175	2518
GALLATE-DEGRADATION-I-PWY	489	194	632	287	165	94	219	339	76	19	106	403	135	267	106	132	480	58
GALLATE-DEGRADATION-II-PWY	472	186	660	306	198	98	207	376	75	17	82	357	145	236	108	130	447	58
GLCMANNANAUT-PWY	358	502	642	396	333	235	274	295	230	249	181	279	243	175	246	241	439	202
GLUCARDEG-PWY	22	0	14	0	8	16	50	51	31	23	42	11	20	19	56	97	44	125
GLUCARGALACTSUPER-PWY	27	14	2	0	31	17	14	9	14	4	22	15	0	7	32	31	39	65
GLUCONEO-PWY	13984	14557	13585	14528	16019	16243	16753	16553	17612	17478	16439	14204	19185	15627	15963	15404	15460	17444
GLUCOSE1PMETAB-PWY	1665	1097	1279	476	302	996	700	276	963	229	273	1826	342	545	2235	1519	855	639
GLUCUROCAT-PWY	1351	813	1945	922	823	574	2180	1968	463	673	709	1498	780	1720	1400	995	1338	1187
GLUTORN-PWY	16872	15171	15555	15729	19114	16704	17325	17467	16496	19061	21421	15509	21084	16503	16590	16555	16612	18053
GLYCOCAT-PWY	11397	9291	9950	10905	8847	8245	8194	9761	10966	9740	7506	8434	6391	8806	10461	11446	9936	9626
GLYCOGENSYNTH-PWY	12170	10280	10462	10781	11241	7492	7986	10544	10678	12192	9445	10481	7341	10053	10916	11776	10255	9014
GLYCOL-GLYOXDEG-PWY	1	4	10	3	7	10	11	15	0	0	14	11	5	6	14	19	3	0
GLYCOLYSIS	14749	14672	13613	15225	15390	13134	13196	16129	18036	13349	12959	14442	14631	14687	13357	16949	15418	15676
GLYCOLYSIS-E-D	10631	10813	10454	10899	8602	6424	8678	9223	8813	8136	6656	10438	5723	8415	9345	11147	10425	7953
GLYCOLYSIS-TCA-GLYOX-BYPASS	8423	8551	8218	8162	4911	5481	5875	6321	7049	3423	3833	8814	3136	6604	6651	8077	7531	5994
GLYOXYLATE-BYPASS	5125	7819	7014	5377	2642	3232	5311	3959	4361	3260	2695	6980	2092	6625	6023	4781	5190	4414
GOLPDLCAT-PWY	11	1	67	1	12	67	8	27	3	2	0	35	0	92	8	25	32	0
HCAMHPDEG-PWY	22	1	5	25	9	0	0	7	2	0	2	4	0	0	0	9	14	11
HEME-BIOSYNTHESIS-II	6793	8216	7547	8132	5463	9828	5973	6193	10734	6073	2865	7674	3125	6600	6346	6652	5765	5806
HEMESYN2-PWY	11554	13215	13686	13139	10461	13285	10695	15137	16853	12472	7502	12503	12058	14601	10832	12208	14236	13555
HEXITOLDEGSUPER-PWY	649	181	422	1394	160	123	196	317	217	265	356	828	176	444	1053	270	363	665
HISDEG-PWY	3453	5469	4868	4123	2149	3169	3083	2688	2215	1306	1571	3237	1266	4620	3958	3036	3882	2862
HISTSYN-PWY	15508	15243	15031	15698	18653	14925	16874	15987	15552	17375	21064	14997	20206	15606	15664	16144	15853	16859
HOMOSER-METSYN-PWY	6471	7649	7948	5566	5129	5278	8156	7904	7911	6293	5543	7811	8311	9161	8195	6514	8377	8836
HSERMETANA-PWY	9208	10012	9594	8919	9011	7231	6807	9667	9076	9354	6287	9353	7089	8547	7546	7685	8974	8111
ILEUSYN-PWY	23007	25652	23627	22811	25207	21666	24702	23371	21823	25154	28680	22396	27911	22659	22629	22890	23035	24098
KDO-NAGLIPASYN-PWY	2375	717	275	536	950	292	384	838	108	167	390	3119	105	410	3723	2081	311	423
KETOGLUCONMET-PWY	21	26	8	35	20	50	38	45	128	31	21	22	7	21	24	48	16	116
LACTOSECAT-PWY	0	0	0	0	7	12	0	2	0	0	0	0	0	0	0	0	7	46
LEU-DEG2-PWY	5202	7009	5172	4940	2753	2857	4657	3120	2791	3247	1929	6074	1487	3788	5091	3765	3999	3590
LIPASYN-PWY	41	35	42	58	61	57	25	51	178	13	43	34	8	89	63	66	46	53
LPSSYN-PWY	0	0	1	0	0	0	0	0	0	0	0	0	0	0	16	0	0	0
MET-SAM-PWY	8752	9552	10107	7554	7000	7465	10260	10571	10208	8515	7442	9645	10590	11543	10403	8824	10633	11309
METH-ACETATE-PWY	10	28	49	37	26	24	59	42	27	78	72	33	48	21	43	30	65	57
METHGLYUT-PWY	33	7	14	3	5	1	50	0	1	0	9	43	0	0	0	8	4	39
METHYLGALLATE-DEGRADATION-PWY	619	250	802	363	220	107	254	503	93	27	120	509	175	318	128	145	591	73
NAD-BIOSYNTHESIS-II	66	46	201	70	114	102	389	634	106	358	144	380	354	343	495	206	115	464
NADSYN-PWY	1566	1817	1617	1922	1091	2099	1164	1220	982	335	637	1437	372	1208	1177	1799	1328	892
NAGLIPASYN-PWY	6988	9459	9053	7005	5788	5657	6670	8112	8140	6272	4035	7421	5419	8753	6408	6430	8658	7069
NONMEVIPP-PWY	15406	13814	13956	14331	18076	18395	17077	17079	15699	19352	20518	14175	20486	15890	16664	14634	14830	17507
NONOXIPENT-PWY	23486	20979	20538	22380	28342	28270	26180	24435	23117	27733	32730	21168	31315	23429	24883	23910	22448	26277
OANTIGEN-PWY	11775	13471	13343	13253	11241	13487	11954	13470	14284	12854	9651	12287	12948	13714	11557	13189	13727	13140
ORNARGDEG-PWY	89	3	0	0	0	0	8	0	0	12	0	74	0	0	0	0	0	31
P101-PWY	1848	475	701	835	546	574	1228	1502	1325	745	571	2498	631	1790	2989	1848	715	1744
P105-PWY	11298	11565	11242	11388	7636	7067	9369	8945	7729	5249	5705	11633	4782	9498	10207	11379	10656	9722
P108-PWY	10461	13540	12757	13930	8126	8682	10011	7449	7860	6602	6415	11031	5155	9733	8098	11895	12309	8684
P122-PWY	4630	1860	4156	5001	3956	3663	3338	5296	3705	4523	2635	4985	2347	4279	4513	4669	4217	3239
P124-PWY	10761	9790	9487	10558	15801	13988	15346	12043	13667	14149	20123	9505	18685	13154	13315	12389	11051	14492
P125-PWY	413	433	496	505	231	408	480	293	468	285	192	493	97	230	286	316	459	685
P161-PWY	2033	693	1935	2373	1789	2125	1350	2729	5263	2273	926	2715	826	2577	3819	2562	1917	1301
P162-PWY	0	4	0	0	0	22	16	0	0	0	0	6	0	0	39	0	0	45
P163-PWY	57	10	19	564	28	20	2	20	1	12	32	9	2	21	7	61	8	11
P164-PWY	3499	5343	6364	3818	2363	2796	3979	3461	4948	1805	2327	2845	1871	6974	3173	3316	5282	3667
P184-PWY	571	81	342	321	133	35	225	239	0	11	72	451	53	107	110	87	500	55
P221-PWY	1078	883	693	958	1224	815	2604	991	1152	208	568	1074	213	1227	1080	710	753	1007
P23-PWY	14368	13736	13416	15632	13083	12840	11804	16743	14796	13340	8287	13485	17977	14240	12707	15209	14939	15082
P241-PWY	36	30	17	72	33	42	13	39	209	17	23	48	27	62	37	186	80	2
P261-PWY	460	332	167	537	96	46	224	159	66	29	43	243	24	351	258	329	288	196
P281-PWY	275	158	396	370	50	46	379	99	65	56	72	328	12	78	57	107	456	164
P341-PWY	3	8	0	0	24	0	4	0	0	0	0	0	0	0	12	0	0	9
P381-PWY	330	190	647	524	364	547	711	1083	457	343	387	677	471	784	667	270	551	773
P4-PWY	11279	11670	11953	10203	9624	11101	11992	12378	11520	11782	9410	11840	12046	12953	11891	10690	12246	12900
P42-PWY	20632	20078	19478	21214	24688	24787	24622	22236	20520	24293	30347	19663	31515	22410	21466	22349	23114	24959
P441-PWY	973	908	1599	1044	908	659	691	822	694	679	498	820	648	604	782	721	1097	582
P461-PWY	523	35	80	532	34	23	41	55	40	59	85	1044	37	170	1756	62	75	149
P562-PWY	370	390	822	812	306	274	1066	635	177	91	283	423	204	548	377	869	396	315
P621-PWY	21	19	8	85	30	6	6	35	12	2	0	7	45	0	37	33	21	126
PANTO-PWY	14856	14587	14519	15397	18125	15477	16518	14949	15002	16375	20449	14506	20473	14667	14550	15747	15584	15978
PANTOSYN-PWY	14622	13027	12981	14736	18259	16380	15997	14995	14687	16268	20262	13290	20009	13724	14413	15631	14738	15883
PENTOSE-P-PWY	14974	14003	13278	15219	18045	16903	17682	13406	15115	15491	22284	13697	21038	14913	15960	16270	14805	16647
PEPTIDOGLYCANSYN-PWY	16617	15225	15345	16016	18643	19320	17380	17399	16294	19178	21136	15231	20861	16491	16689	16416	16340	17980
PHOSLIPSYN-PWY	18107	17079	17969	17909	19603	20313	17549	18827	17567	19772	19335	17034	18857	18412	17140	18467	18451	18423
POLYAMINSYN3-PWY	2377	2643	2246	2855	1649	1192	1771	1999	2332	1003	853	2033	812	1960	1663	2148	2526	1142
POLYAMSYN-PWY	2355	2863	2259	2975	1679	1269	1828	2081	2467	1384	831	2294	882	1911	1713	2145	2436	1112
POLYISOPRENSYN-PWY	13642	13706	13622	13572	11436	15189	12527	13656	12695	13601	10667	12906	12117	13809	12628	13244	13875	13658
PPGPPMET-PWY	3451	3571	3775	4664	3187	1571	3415	2842	3640	3615	1483	5883	2197	2762	4191	3606	2590	2113
PROTOCATECHUATE-ORTHO-CLEAVAGE-PWY	1586	3529	2716	2422	955	1176	2258	1311	1480	914	705	2009	689	1207	1131	2185	1849	1420
PRPP-PWY	7769	6680	8699	5327	6904	7340	8271	11104	9372	11475	6389	9816	8693	9869	10673	7366	10133	9883
PWY-1269	7352	9209	9257	6561	7229	5412	6313	7983	6362	6927	4909	7750	5789	8115	6215	6278	8317	6695
PWY-1361	0	0	0	0	0	0	0	0	0	0	3	0	0	0	0	0	0	0
PWY-1422	110	637	625	1013	970	1063	447	885	3363	159	105	364	81	955	342	587	372	571
PWY-1541	133	189	226	194	98	203	720	295	190	42	107	416	60	389	217	161	150	245
PWY-1622	116	330	87	212	203	24	43	135	0	23	24	100	62	53	14	242	43	0
PWY-181	5423	6035	6079	5230	3950	4036	5775	6642	9143	6025	2895	7324	3575	7063	6668	5780	5100	5388
PWY-1861	130	208	291	272	205	111	152	174	2805	159	111	182	580	272	131	1445	295	171
PWY-1882	43	51	44	105	22	0	0	0	0	0	10	42	0	5	0	39	10	12
PWY-2941	54	71	140	1017	79	55	98	80	43	74	126	75	123	100	48	164	198	243
PWY-2942	17795	16611	16972	17108	19408	18558	18589	18586	16783	19739	21469	16687	21268	18099	18595	17437	17521	19040
PWY-3001	18824	18215	18038	18303	21216	19188	20161	19644	18221	20847	23829	17871	23136	18990	19522	18791	18793	20368
PWY-3661	1250	1726	3174	1272	1093	1106	5353	2959	1819	2669	1084	4220	1072	3444	2212	1643	1583	1587
PWY-3781	39217	43032	41622	43458	34610	45951	39097	37281	43579	27938	27224	38526	25807	42663	34798	42972	43909	35456
PWY-3801	2728	3911	1529	1218	3921	461	2111	3409	207	921	971	2371	243	593	692	4509	1838	2209
PWY-3941	6	16	5	7	1	10	7	0	0	0	3	0	0	22	9	4	0	36
PWY-4361	16	357	54	9	45	15	265	253	25	76	61	198	35	20	27	55	194	291
PWY-4722	0	5	24	16	12	243	20	31	0	4	31	21	20	7	9	34	21	0
PWY-4984	2307	3393	5386	2923	1700	3130	5479	3583	4386	3690	2496	4549	2077	6270	3317	2743	4789	4108
PWY-5005	1	2	52	47	38	14	22	39	6	14	50	10	59	9	27	32	25	0
PWY-5022	3515	3940	4879	4291	1872	3648	3745	2658	2925	1479	2176	3940	1719	4532	3719	3859	4488	3639
PWY-5028	727	3204	2030	965	295	393	572	726	292	50	228	599	323	592	289	654	937	240
PWY-5088	17	0	0	0	4	0	4	31	28	0	15	15	0	0	36	23	7	0
PWY-5097	16642	16136	16071	16425	19206	18784	18069	17304	16436	18877	21224	15898	20922	16907	17350	16688	16885	18250
PWY-5100	8897	4746	7462	4993	8735	6220	7549	12325	7108	12103	7427	8118	8639	9185	9540	5594	8690	10521
PWY-5101	24527	26321	24783	24107	26996	23036	26026	25416	23134	26864	30434	23692	29622	24026	24365	24331	24333	25724
PWY-5103	20874	20754	20164	20275	23172	19494	22066	21476	19612	23003	26476	19396	25697	20506	20905	20668	20637	22103
PWY-5104	23454	23675	22688	22954	27246	22879	26150	25138	23116	26988	31280	21757	30734	23971	23741	23406	23834	25980
PWY-5121	14561	13245	13238	14203	17796	17202	16461	14769	14523	17160	20347	13337	19739	14834	15238	14802	14336	16106
PWY-5154	9274	12939	12074	9665	6952	8518	10741	8631	8561	8443	6164	10917	5197	12296	9742	9106	10337	9308
PWY-5177	0	1	0	0	0	9	7	0	0	0	0	1	0	0	19	0	0	23
PWY-5178	82	11	37	46	28	15	1	54	24	2	18	15	0	15	46	20	58	17
PWY-5180	952	829	804	1074	318	276	386	518	241	389	324	906	247	427	654	1068	919	534
PWY-5181	74	11	51	86	15	4	77	10	26	7	16	57	16	8	0	54	129	130
PWY-5182	1026	775	792	1058	341	290	385	570	247	393	302	904	252	424	667	1044	925	534
PWY-5183	5	0	0	0	0	3	0	6	0	10	8	0	0	0	0	14	29	20
PWY-5188	14474	15764	15002	16233	16217	17085	16810	15431	16359	16035	19587	14219	20268	15854	15382	16638	16311	17033
PWY-5189	13917	15010	14569	15462	15620	17714	16627	14539	16269	15865	18849	13542	19711	15542	14775	15869	15918	16430
PWY-5198	183	1022	891	1275	693	492	516	584	661	218	218	630	129	417	437	1083	499	585
PWY-5265	0	0	0	0	27	8	0	0	0	0	0	0	0	0	0	0	13	113
PWY-5266	0	0	0	779	0	0	0	0	0	0	0	0	0	0	0	0	511	0
PWY-5273	0	0	0	786	0	0	0	0	0	0	0	0	0	0	0	0	484	0
PWY-5304	271	1147	1077	1408	505	1338	904	436	3392	423	214	695	186	760	415	1138	575	1046
PWY-5345	8971	10555	10164	8885	6694	7174	6902	7386	9487	5271	4229	9212	4284	7249	7543	8719	9008	7379
PWY-5347	10198	10905	11212	9044	8791	9073	12029	11498	11277	10227	9402	11159	12484	12599	11818	10113	11893	12614
PWY-5384	1475	1111	1778	1738	1185	2002	1635	1843	7321	1226	806	1636	886	2746	1937	1608	878	1757
PWY-5392	84	24	0	100	12	10	14	62	83	18	28	41	32	0	75	114	117	0
PWY-5415	824	566	355	909	240	117	304	409	151	41	163	712	128	310	334	841	537	281
PWY-5417	313	108	185	247	129	41	104	168	114	12	14	283	19	74	53	64	250	96
PWY-5419	597	259	302	500	169	102	349	316	67	25	84	626	54	167	150	445	740	196
PWY-5420	700	345	330	624	172	106	335	330	87	21	102	646	77	228	214	614	577	229
PWY-5427	7	3	8	27	0	0	17	0	0	1	4	22	0	0	0	2	24	14
PWY-5430	493	18	82	287	122	11	64	165	24	10	26	368	0	29	48	64	335	77
PWY-5431	334	101	183	205	110	40	101	167	115	12	15	241	13	71	63	65	281	96
PWY-5484	12071	12666	11185	12880	11840	9591	9797	13918	17434	9628	8781	11893	10519	12234	10100	14862	13377	12633
PWY-5499	0	0	3	0	6	0	5	17	0	5	0	5	0	8	0	17	6	0
PWY-5505	10525	9941	9124	11455	15130	14154	14829	10583	12166	13344	18824	10183	18139	11117	12268	12707	10605	13379
PWY-5507	3	43	320	171	203	312	229	222	118	281	203	96	220	166	138	120	184	61
PWY-5509	4788	4884	3525	4251	2419	2196	2252	3003	2916	3054	2148	4270	1723	1522	3898	5605	3240	2902
PWY-5529	1104	1992	2575	2234	1669	1329	1201	1412	1710	615	541	1289	596	872	611	1435	1158	933
PWY-5531	1425	2205	2470	2570	1865	1718	1332	1693	3058	701	568	1519	715	1637	775	1995	1320	1209
PWY-5532	0	0	0	0	0	0	0	0	0	0	0	0	0	0	5	0	0	0
PWY-5647	292	90	40	243	70	47	140	113	31	6	40	231	22	116	62	177	221	59
PWY-5651	1000	1201	1062	1257	641	1339	797	844	628	182	405	968	212	797	743	1152	866	569
PWY-5654	247	88	39	211	62	35	153	117	26	15	36	233	23	96	62	137	241	52
PWY-5655	445	174	91	467	145	89	244	212	67	18	83	429	49	193	139	354	396	119
PWY-5659	17780	16810	15944	17558	19502	18172	18238	17573	17777	19165	21246	15976	20855	16965	16651	18280	17583	18859
PWY-5667	18695	18332	18558	18539	19683	20744	17990	19130	17823	19967	21968	17524	20978	18413	17533	18306	18595	18519
PWY-5676	1920	2087	2269	1976	1177	728	1881	1245	1584	1079	979	1782	555	1224	1020	2184	2276	910
PWY-5677	2	5	0	20	1	1	13	4	0	1	3	0	0	9	11	0	2	0
PWY-5686	19055	17804	17994	18810	21356	22121	19765	20171	19847	21641	23428	17776	23310	19199	19400	18658	19119	20529
PWY-5695	15266	12309	12432	14567	17496	15950	16923	14654	12125	17395	20291	14327	18936	14496	17214	14469	13671	15847
PWY-5705	391	528	621	489	243	412	630	281	527	385	203	616	171	278	332	541	422	581
PWY-5741	470	2523	1090	1253	690	522	1499	687	1065	1510	447	2369	356	763	775	748	457	511
PWY-5743	14	4	3	4	1	3	124	31	14	5	48	48	17	14	42	0	6	80
PWY-5744	27	8	4	7	3	6	124	40	14	11	52	58	20	19	60	0	13	74
PWY-5747	1598	1285	916	1304	519	501	1125	998	406	760	531	2055	530	1246	1884	1524	946	1218
PWY-5789	0	0	0	0	0	0	7	0	0	0	0	0	0	0	0	0	5	0
PWY-5823	0	0	1	0	0	0	0	0	0	0	0	0	0	0	0	0	0	0
PWY-5837	2540	2387	2509	3550	1856	1933	1684	1688	3800	760	805	2573	736	1634	2316	3020	2458	1710
PWY-5838	4771	4490	4721	6236	3448	3879	3339	3187	5735	1614	1912	4776	1493	3166	4218	5770	4316	3254
PWY-5840	4519	4142	4495	5981	3315	3661	3054	3099	4156	1553	1943	4520	1453	2632	3676	5527	4196	2958
PWY-5845	3803	3888	3818	5213	2992	3294	2711	2568	5396	1318	1519	3541	1204	2492	2737	4920	3361	2692
PWY-5850	3712	3952	3817	5251	2877	3314	2740	2519	3104	1259	1573	3449	1250	2224	2798	4946	3443	2692
PWY-5855	5956	8408	6509	5873	3984	7759	4435	4587	4833	4834	2274	6783	2132	5175	4907	5947	4978	4170
PWY-5856	5762	8522	6485	5859	3876	7678	4572	4611	4847	4834	2343	6790	2096	5191	4836	5939	4932	4170
PWY-5857	5952	8474	6536	5869	3823	7690	4521	4578	4838	4814	2311	6802	2120	5114	4846	5839	5039	4170
PWY-5860	2724	2810	2712	3857	1968	2400	1911	1773	2185	901	1017	2493	848	1482	1940	3618	2405	1898
PWY-5861	3565	3353	3501	4833	2511	2723	2360	2284	4269	1122	1370	3520	1034	2256	3108	4197	3265	2321
PWY-5862	2723	2827	2745	3935	1994	2291	1891	1731	4005	841	1047	2481	830	1743	1982	3546	2418	1898
PWY-5863	2824	2621	2762	3861	2084	2206	2008	1837	4113	832	976	2919	805	1986	2551	3384	2793	1917
PWY-5896	3779	4023	3841	5322	2834	3252	2791	2461	3121	1293	1510	3452	1223	2190	2751	4889	3349	2692
PWY-5897	4563	4174	4421	6118	3344	3666	3174	2997	5569	1466	1802	4525	1435	3022	3986	5430	4111	3059
PWY-5898	4574	4180	4447	6007	3267	3599	3188	2885	5572	1474	1782	4483	1391	2963	3966	5397	4108	3059
PWY-5899	4622	4237	4435	6059	3278	3751	3234	2851	5552	1465	1822	4544	1399	3066	3906	5516	4256	3059
PWY-5910	623	253	173	394	163	214	298	369	242	51	334	1208	36	593	802	135	261	329
PWY-5913	7885	7432	7120	9264	5924	6245	5223	8532	9423	7057	3121	7014	6229	6905	6855	8155	7358	7143
PWY-5918	9840	11192	10654	11386	8924	13268	9553	9488	13475	9569	5785	10407	6318	10182	9895	10455	9287	9581
PWY-5920	4960	7943	6991	7264	3492	8989	4799	3599	4730	4879	2617	6333	2398	6388	3320	5875	6368	3619
PWY-5941	212	21	54	119	37	27	88	95	69	9	43	164	27	38	108	159	29	134
PWY-5971	4797	9773	5266	5504	4045	1601	5694	5004	1720	3803	2393	8277	1892	3717	5445	6224	5088	4492
PWY-5973	18325	20505	19358	17463	16308	18836	16369	18624	17667	18781	12940	18182	13545	18104	17236	17057	17820	17046
PWY-5989	7070	9255	7212	5622	3010	1708	4820	3846	4151	3982	1915	9077	1769	4983	7433	5504	4507	3482
PWY-6071	93	12	68	99	27	5	30	8	32	15	25	77	19	5	0	83	168	112
PWY-6107	5	4	0	0	9	7	2	23	0	0	0	5	12	0	12	25	0	7
PWY-6121	19255	17597	18320	18207	21343	22072	20115	21132	19643	22264	23953	17894	23845	20024	19580	18601	18904	21274
PWY-6122	19554	17448	18518	18564	21898	22509	20106	21000	19209	22676	24542	17562	24208	20076	19647	18832	19121	21223
PWY-6123	17324	15609	15708	16347	19850	20171	18441	18283	16692	20214	22736	15590	22276	17461	17726	16921	16714	18937
PWY-6125	16571	16452	16233	16888	19181	20129	17936	17028	16654	18713	21362	16104	21020	16450	16277	17224	16994	17680
PWY-6126	18654	17901	17897	18544	21411	22332	19887	19354	18417	21064	23766	17843	23393	18536	18791	18911	18999	19954
PWY-6145	0	17	0	0	3	0	0	0	0	0	0	0	0	0	0	0	0	0
PWY-6147	14007	13531	13014	14380	18242	18518	15984	14889	15603	17093	19961	14384	19983	13669	14710	14881	13749	15698
PWY-6148	10	0	0	0	0	0	14	0	0	0	0	28	0	0	15	0	0	0
PWY-6151	4917	3118	5992	2851	2795	3207	4228	7481	6096	4458	3100	4300	5113	7984	5913	3248	6380	6829
PWY-6163	16588	15377	15588	15797	18830	16358	17335	17187	15724	18373	21194	15194	20744	16401	16716	16303	16259	17767
PWY-6174	249	87	119	276	93	0	47	91	116	31	151	630	0	67	55	94	151	23
PWY-6182	331	134	214	230	131	45	111	177	134	12	19	326	20	72	62	61	291	108
PWY-6185	56	8	30	51	8	3	43	3	16	1	6	43	7	5	0	21	75	61
PWY-621	1448	1132	1221	433	301	967	644	743	927	647	359	1709	572	707	1929	1329	912	809
PWY-6210	54	17	13	1	76	16	56	50	24	0	24	69	7	29	35	25	12	46
PWY-622	0	23	73	42	21	35	0	15	0	9	35	0	54	9	8	0	9	0
PWY-6263	3797	3979	5872	3897	3681	3320	3505	5793	3670	4905	3763	4127	4587	3282	3267	4061	6100	4075
PWY-6269	4778	4988	3471	4250	2444	2125	2275	3071	2902	3025	2207	4425	1687	1561	3990	5747	3320	2934
PWY-6277	19433	17646	18501	18295	21538	22505	20311	20800	19205	22602	24666	17770	23939	19801	19478	19020	19048	21223
PWY-6282	6732	9224	7123	5620	2962	1662	4719	3859	4114	3917	1946	8811	1775	4862	7156	5232	4349	3449
PWY-6317	4139	4630	5628	5092	2973	3358	4226	3929	3417	2603	2495	4395	2107	5280	4873	4773	4926	4113
PWY-6338	569	66	288	276	142	25	199	213	0	8	65	418	43	86	94	75	438	36
PWY-6339	902	0	690	476	251	73	359	428	0	21	174	738	0	254	164	181	763	0
PWY-6353	7744	7409	10332	8058	7059	7201	8880	8397	10002	7602	5903	9178	4993	11742	8680	7207	9155	7760
PWY-6383	269	180	316	671	98	87	51	110	255	66	105	169	103	255	100	1097	325	2
PWY-6385	16161	14161	14942	15254	18610	18531	17231	17211	16014	18767	20927	14937	20502	16305	16900	15760	15865	17890
PWY-6386	15958	14237	14819	15353	18442	18214	17229	17335	15992	19332	20829	14974	20448	16246	16745	15694	15859	17869
PWY-6387	16471	15117	15432	16032	18794	19345	17529	17526	16343	19195	21115	15485	20583	16521	16752	16330	16198	18028
PWY-6396	697	567	717	639	342	468	321	433	465	131	311	561	128	332	385	539	626	613
PWY-6397	0	0	0	15	0	0	0	0	0	0	9	0	7	0	0	0	0	0
PWY-6404	0	0	0	0	0	0	0	0	0	0	14	0	0	0	0	0	0	0
PWY-6467	7425	9257	8579	6663	7052	5438	7156	7999	6334	6833	5004	8152	5411	8318	6277	6309	8586	6751
PWY-6470	0	0	0	0	17	16	0	0	0	0	0	0	0	0	0	24	11	0
PWY-6471	38	13	377	0	29	42	15	0	0	41	61	230	0	507	0	44	110	113
PWY-6478	1295	1534	3013	1291	532	1325	1967	1499	1695	498	1279	876	914	4206	1455	1092	3199	1812
PWY-6505	146	35	44	1	106	29	118	105	50	6	54	139	19	61	94	58	31	91
PWY-6507	439	608	867	621	569	426	429	650	392	261	546	468	166	651	604	608	745	605
PWY-6519	5706	5357	5548	4508	2795	1679	4091	4096	4234	3901	1942	6808	1938	4727	5983	4906	4300	3602
PWY-6545	7673	10992	10275	8714	8096	13008	8832	10842	12738	11453	6605	9861	10118	9946	6410	9228	10075	10183
PWY-6562	584	309	473	471	549	346	627	1113	434	525	431	992	501	762	1481	576	647	1005
PWY-6565	398	4	11	5	10	24	90	35	25	10	65	1049	27	107	1748	0	0	104
PWY-6572	8	0	0	0	3	1	10	0	0	16	2	0	0	0	0	0	0	0
PWY-6581	28	67	50	87	115	29	188	66	103	9	36	54	13	23	28	49	54	45
PWY-6588	37	43	42	131	57	380	73	183	20	73	150	81	78	124	191	265	58	202
PWY-6590	467	280	460	359	235	270	532	367	148	308	341	232	303	553	582	148	292	453
PWY-6608	5990	10866	10629	6963	5252	5656	8255	6886	10585	5943	4249	8410	3604	10808	6645	6036	8531	6051
PWY-6609	13538	9851	10727	12815	16021	13606	15341	12609	9377	15900	19542	12415	17516	12947	15693	12458	11671	14266
PWY-6612	11766	9725	10113	11423	14323	12487	11746	12096	11449	13313	14701	11375	15037	11178	12129	11934	11517	13018
PWY-6628	5483	3589	5035	3742	3465	1860	7636	3949	5404	7360	2395	9968	2065	4226	8000	3072	4982	3074
PWY-6629	4	0	16	0	0	6	0	0	0	0	0	0	0	0	0	0	0	0
PWY-6630	5446	3581	5097	3823	3503	1780	7669	3961	5359	7297	2400	9900	2068	4221	8038	3010	5017	3070
PWY-6641	152	153	183	207	89	62	353	233	73	31	44	273	30	416	224	188	168	237
PWY-6690	24	3	3	28	7	1	0	8	2	0	1	8	0	0	0	7	11	11
PWY-6700	11545	12284	12463	11258	10775	9622	10095	10721	10897	9289	8964	10876	8604	11506	9360	10866	11577	8985
PWY-6703	9141	11071	11041	9155	10101	6263	6941	10812	10933	8722	7470	8681	8851	10566	7718	8599	10805	8881
PWY-6708	5891	8315	6513	5869	3934	7811	4573	4535	4838	4752	2255	6773	2142	5157	4889	5890	4996	4170
PWY-6713	0	0	2	0	0	0	0	0	0	0	0	0	0	0	0	0	0	0
PWY-6728	186	65	454	509	384	1131	1414	1261	861	1876	683	672	889	996	1116	274	280	1255
PWY-6731	84	600	413	437	295	866	420	328	1093	130	137	346	48	492	349	565	264	443
PWY-6737	9451	8464	7984	7559	6366	7193	7140	9005	5991	8576	4901	7932	4307	8147	9546	7124	6932	8690
PWY-6749	494	171	318	472	164	288	238	327	146	411	137	208	305	221	241	261	331	577
PWY-6876	33	42	43	106	53	23	79	166	1	26	154	83	66	106	189	289	67	94
PWY-6891	733	29	57	544	34	62	123	56	47	63	96	1278	78	119	1885	15	19	114
PWY-6892	4655	1234	3890	1104	6383	3723	3152	4610	936	4964	4515	4639	2880	2550	4489	1818	2793	2049
PWY-6895	2945	129	278	2437	179	327	589	281	243	372	521	4691	416	575	6274	68	143	555
PWY-6897	12890	12943	12908	12721	12459	9699	10750	12621	12112	12866	10417	12247	8466	12224	11593	12431	12553	11497
PWY-6901	8424	5043	6546	7485	6100	5939	4976	6426	4925	5049	4334	6691	3621	5867	6203	6385	6102	5871
PWY-6906	312	2	9	5	4	22	44	35	0	8	49	905	0	74	1313	0	0	72
PWY-6944	107	3	0	72	5	1	39	87	0	1	59	118	0	53	113	8	91	26
PWY-6948	0	0	0	0	0	0	0	0	0	4	2	0	0	0	0	0	0	0
PWY-6956	27	4	17	46	0	0	39	0	0	4	3	36	0	0	0	5	39	23
PWY-6969	17651	18182	17759	18948	18410	19674	17086	17492	16785	17895	17106	17051	18010	17487	15974	18736	18997	17723
PWY-6992	0	26	7	0	15	147	38	165	0	7	0	11	3	24	5	30	11	70
PWY-7003	86	52	24	71	126	311	166	170	57	150	147	26	110	157	306	67	146	426
PWY-7007	659	970	738	1296	499	665	682	400	624	416	274	568	135	577	241	1300	731	885
PWY-7013	0	0	0	0	21	0	11	28	0	0	7	16	0	3	0	64	0	0
PWY-7024	33	3	5	12	2	7	110	46	19	12	54	86	23	29	57	0	9	54
PWY-7046	10	6	13	18	16	13	3	7	0	6	12	10	0	11	9	17	18	0
PWY-7084	8	42	9	31	28	0	10	0	0	0	4	7	3	2	0	13	6	0
PWY-7090	679	251	349	589	526	215	237	282	220	92	224	405	194	354	365	462	564	278
PWY-7094	9069	10212	10357	10697	5199	4970	7527	6483	6870	4305	4286	9733	3093	8065	7509	9711	8854	6972
PWY-7097	512	62	294	282	130	29	169	173	0	8	72	389	33	94	83	94	426	36
PWY-7098	558	76	299	324	129	39	187	229	0	16	78	459	45	103	101	91	477	40
PWY-7111	22198	24881	23045	21885	23850	19653	22510	22047	20440	23351	25643	21959	24075	21610	21558	21932	21817	21967
PWY-7159	1455	2140	2438	2505	1825	1753	1367	1675	3073	751	525	1536	691	1627	799	1974	1381	1209
PWY-7184	16218	14465	13762	15934	19260	19614	17955	15511	14368	18424	21998	15067	21207	15558	16306	16588	15555	17381
PWY-7187	7328	6334	7840	4856	7857	7465	8173	11548	9727	11956	8472	8773	13317	10465	10347	7328	9857	11487
PWY-7196	7837	5647	8773	8089	6842	8993	8325	7983	6592	7646	5811	7347	5380	10118	10097	6790	8547	8302
PWY-7197	15224	14778	14608	15605	18355	18614	16471	15431	15407	17212	20732	14648	20327	15192	15267	15880	15844	16282
PWY-7198	0	5	32	23	2	0	8	0	0	0	0	5	0	5	2	0	0	0
PWY-7199	6496	4873	6868	6071	3746	5527	6094	6875	5620	6921	2980	6362	2939	7659	7896	4780	6009	6372
PWY-7200	9642	7530	9737	9240	6897	9140	9564	9782	8159	10391	6018	9321	5712	10535	10766	7708	9282	9708
PWY-7208	19231	17619	17845	19389	22009	22428	20389	20127	19023	22261	24451	17770	23573	19196	19797	19331	18818	20810
PWY-7209	0	5	0	0	0	0	0	0	0	0	0	0	0	0	0	0	0	0
PWY-7210	0	6	41	26	1	0	10	0	0	0	0	7	0	8	1	0	0	0
PWY-7211	14370	14595	14114	14817	14798	18306	14803	15422	15502	15761	12117	14334	15813	14559	14221	13848	14764	15359
PWY-7219	20253	18431	18395	18910	22729	23263	21157	20759	19073	23127	25380	18555	24786	19845	20571	19487	19464	21577
PWY-722	0	12	0	0	6	0	6	9	0	0	0	15	0	0	0	17	9	10
PWY-7220	17355	17466	17212	18115	20033	21420	18437	17501	17661	18995	21948	17098	21657	17162	16718	18165	17934	18190
PWY-7221	16166	15920	15452	16346	18778	19326	17739	16583	15961	18593	21116	15531	20507	16146	15846	16560	16565	17333
PWY-7222	17311	17605	17182	18107	20009	21137	18529	17455	17710	19198	21909	16970	21905	17138	16769	18121	18083	18190
PWY-7228	16951	16772	16551	17238	19411	19883	18268	17150	16917	18854	21090	16325	21212	16873	16723	17575	17195	17972
PWY-7229	19537	18371	18627	19286	22031	23023	20479	19866	19104	22067	24190	18290	24108	19591	19651	19544	19575	20780
PWY-7234	15114	14472	14009	15241	17508	19646	17641	14486	15022	16823	21085	14097	20113	15343	15908	15991	14738	16746
PWY-7237	386	421	887	890	352	326	1150	673	250	138	326	455	232	656	484	991	467	402
PWY-7242	2467	2115	3778	1938	1692	3546	3411	3122	2178	1107	1802	2150	1350	4758	2724	1901	2877	2756
PWY-7254	1467	760	3115	1714	1479	3372	2140	2224	6930	1471	645	1808	1474	2965	1768	1881	1643	2071
PWY-7255	744	839	734	1097	319	609	613	242	643	366	230	480	176	245	327	1222	696	713
PWY-7295	0	0	0	0	0	19	25	10	1	5	4	0	0	0	0	30	14	80
PWY-7315	131	135	167	497	66	204	69	49	422	30	25	79	10	178	57	685	169	52
PWY-7323	10448	12222	11715	11841	11664	10386	8825	9140	12794	8082	8658	9179	6232	9662	7206	10371	10383	8163
PWY-7328	3096	2392	2588	1050	728	1968	1551	672	2084	608	594	3497	735	1204	3801	2874	1997	1422
PWY-7332	3010	839	1380	5390	2058	251	462	764	616	241	784	2029	930	695	1174	2523	2835	673
PWY-7347	736	923	838	405	277	209	234	219	693	229	176	496	285	239	218	1128	425	271
PWY-7371	1688	2043	3379	1756	1581	1564	2298	4424	4015	2440	1715	1879	3408	5217	1833	1878	4556	3926
PWY-7373	1251	1195	2405	991	1404	1249	1725	4256	3633	2404	1350	1660	3249	4155	1503	1288	3772	3573
PWY-7374	788	933	2266	779	550	1027	1489	1474	1701	634	1035	437	994	3646	1120	1172	2281	1743
PWY-7376	1286	1995	1940	1530	864	489	805	1281	737	365	385	1381	524	950	745	940	1157	666
PWY-7377	349	1086	1565	669	759	550	687	1364	354	255	312	698	347	944	506	901	863	696
PWY-7391	63	54	91	57	49	38	55	36	0	20	135	205	0	194	223	84	106	129
PWY-7392	8385	7010	7066	9522	8271	9613	8976	7136	10579	8054	4792	9654	3841	7439	9308	8051	6436	7297
PWY-7400	15852	14635	15120	14928	18448	16547	16872	17141	15785	18367	21177	14981	20766	16122	16466	15592	15719	17588
PWY-7431	977	2894	1519	1436	979	492	1169	1696	618	358	549	1052	406	902	588	1690	1637	1362
PWY-7446	0	0	1	0	0	1	0	0	0	0	0	0	0	0	0	0	0	0
PWY-7456	0	39	58	18	14	24	71	0	0	71	69	0	0	45	6	110	41	17
PWY-7527	22	581	84	18	75	12	409	436	40	134	109	322	59	35	42	95	286	460
PWY-7528	7	0	0	0	0	0	0	0	0	14	0	22	0	7	16	0	0	0
PWY-7539	14685	13917	13444	14537	18396	18708	16675	15562	15937	17583	20604	15196	20823	14346	15593	15024	14550	16495
PWY-7560	15514	13950	13922	14331	18110	18539	16914	16751	15679	19358	20588	14130	20449	15979	16453	14799	15080	17507
PWY-7616	19	4	192	12	27	41	46	20	43	85	30	73	61	136	69	0	50	52
PWY-7663	17781	20433	18984	16690	15328	18121	15314	18223	17074	18373	11446	18172	12108	18060	16759	16429	17184	16212
PWY-7664	7519	9989	7765	6219	3380	1938	5205	4481	4584	4508	2266	9468	2045	5354	7925	5862	4926	3867
PWY-841	18103	17244	17114	17756	20632	21403	19403	18701	17977	20561	23357	17248	22969	18262	18093	18050	18032	19566
PWY-922	455	198	117	288	100	146	225	226	175	42	208	851	30	434	595	103	178	232
PWY0-1061	3639	1542	2850	1646	2152	3705	3635	3556	6961	1216	1440	6331	648	5507	7662	1923	2396	3679
PWY0-1241	9398	9444	7655	8261	11979	10360	12700	10927	9679	11248	17129	8543	17783	11770	11185	10552	10890	13044
PWY0-1261	8452	8762	10545	9220	6644	8192	8092	9350	10383	7219	4642	8304	4944	10048	8957	7613	9334	8330
PWY0-1277	85	13	16	113	25	6	0	41	8	0	6	22	0	0	0	35	39	41
PWY0-1296	4715	3272	4648	5040	3296	3193	5471	5032	3726	5761	2625	6420	3002	4659	6498	4331	4850	4270
PWY0-1297	4053	2799	4184	4429	2840	2826	4574	4447	5071	4899	2285	5834	2432	3922	5736	3729	4130	3620
PWY0-1298	2915	2415	3332	3398	1834	2111	3299	3040	4058	3384	1477	3893	1595	3089	4212	2813	3221	2614
PWY0-1319	18671	18048	18551	18573	19602	20739	18023	19101	17842	19989	22134	17875	21081	18328	17338	18722	18527	18519
PWY0-1338	0	0	1	0	0	0	0	0	0	0	0	0	0	0	0	0	0	19
PWY0-1415	4137	4160	5735	6238	2482	2376	2948	2728	3186	1280	2084	3505	1846	5419	3140	4958	5427	2894
PWY0-1479	3225	5475	4898	4860	3781	4893	3408	4229	6777	3270	1823	5227	2175	4105	4881	4682	2640	3471
PWY0-1533	1180	5129	2917	2345	980	1508	2019	1735	1680	1049	698	2287	782	1803	1243	1406	1542	1247
PWY0-1586	5014	5910	5363	6212	4870	5098	4414	3933	7110	4149	2502	4938	2130	6070	4788	7000	5975	4289
PWY0-162	18752	17804	17870	18714	21721	22078	20008	19602	19262	21182	23809	17621	23682	18638	18779	18791	18828	20155
PWY0-166	15273	13826	13104	14938	18757	18614	17515	15010	13546	17945	22320	14132	21218	14870	15995	15880	14566	16970
PWY0-321	96	15	55	110	14	7	85	6	30	13	16	68	15	3	0	63	173	157
PWY0-41	0	0	4	0	6	0	0	0	0	0	4	0	0	0	0	0	0	0
PWY0-42	1401	1274	723	1200	367	420	850	810	340	689	462	1841	452	1071	1771	1467	833	1146
PWY0-781	10606	11259	11554	9678	8817	10319	11469	12119	11260	10985	8856	11314	11556	12452	11453	9552	12036	12506
PWY0-845	1994	2031	2312	2563	1292	1189	1286	1759	1180	1518	758	1632	858	1227	1981	1521	1745	1566
PWY0-862	6730	8900	6910	5477	2855	1676	4600	3886	4043	3927	1846	8421	1702	4715	7061	5480	4205	3379
PWY1G-0	456	369	459	933	203	46	65	125	32	63	133	430	94	178	104	882	426	46
PWY490-3	406	1573	1669	1862	1410	1628	1318	1459	4539	914	403	852	596	1295	752	951	811	1561
PWY4FS-7	17887	16669	17167	17404	19181	19821	17284	18509	17233	19814	17811	16663	17705	17855	16902	17747	17969	18122
PWY4FS-8	17959	16663	17204	17398	19289	20039	17315	18388	17231	19808	18040	16827	17794	18054	17214	17813	17852	18122
PWYG-321	7674	10220	8084	6352	3446	2021	5450	4417	4743	4610	2253	9803	2025	5624	8152	6087	4989	3994
PYRIDNUCSAL-PWY	6485	8199	7316	6645	4427	3867	6829	5608	5300	5038	4514	7922	3641	8974	7039	6374	7136	5534
PYRIDNUCSYN-PWY	15512	12826	13636	14749	17787	16920	15550	15829	14339	17534	20541	13722	19622	15170	15611	15636	14911	16672
PYRIDOXSYN-PWY	4874	1271	1801	4464	2217	1012	2859	2583	1230	1536	1667	5497	1334	3418	4736	3182	3315	3061
REDCITCYC	9591	7876	8208	8613	8230	10558	10367	7404	7755	9327	4367	11179	3487	7106	8843	6565	7220	7703
RHAMCAT-PWY	340	617	369	541	260	172	246	239	191	175	161	239	161	214	213	513	430	221
RIBOSYN2-PWY	15891	15189	15020	15786	18769	19093	17304	16411	15940	18069	20926	15038	20665	15985	16407	16063	16087	17248
RUMP-PWY	90	151	221	197	147	82	115	161	2073	98	88	126	451	210	101	1081	221	128
SALVADEHYPOX-PWY	5879	10668	10282	6274	5198	5439	7495	6903	10294	5701	4246	7765	3435	10234	6864	5394	7791	5930
SER-GLYSYN-PWY	15997	16852	16836	15413	16585	14755	15000	17289	17492	15491	13795	15264	12544	17721	15260	14985	16514	15658
SO4ASSIM-PWY	6744	9708	7958	8490	3886	5502	4352	4193	6813	2672	2106	6470	2034	4612	4938	7759	6284	4417
SUCSYN-PWY	1967	2014	1915	923	688	657	762	561	1601	539	454	1437	658	637	641	2592	1113	729
SULFATE-CYS-PWY	8938	11718	9880	10070	6372	6564	6216	6236	6876	4407	3562	8717	3277	6455	6797	9366	8210	6075
TCA	18116	18448	18131	19243	19040	20825	17687	17860	17493	18496	18076	17524	18782	18143	16549	19595	19138	18396
TCA-GLYOX-BYPASS	5792	6079	5918	5556	3026	3697	4574	4019	6403	1854	2222	6593	1792	4739	5736	5404	5101	4530
TEICHOICACID-PWY	205	4	28	5	13	11	18	15	0	9	19	25	9	22	16	2	36	65
THISYN-PWY	10387	4463	9423	4377	12903	9042	8543	10525	3741	11016	10766	9975	8322	7529	9963	6115	8288	6747
THREOCAT-PWY	2	3	8	0	0	4	0	0	0	0	0	0	0	0	0	0	0	0
THRESYN-PWY	17048	15993	16139	16653	19310	18069	18235	17972	16702	18826	21675	16285	20920	17141	17750	16857	17072	18658
TRNA-CHARGING-PWY	14171	12348	13790	13749	15813	15959	13508	13767	13930	14575	15211	12690	12320	13995	14010	13283	14135	12910
TRPSYN-PWY	16649	17189	16285	17296	20496	16512	18751	16996	16756	18472	22845	16408	22457	16115	16429	17743	17648	18134
TYRFUMCAT-PWY	1480	914	1424	1020	803	457	2166	985	1294	1379	524	3048	436	1166	2284	801	1324	771
UBISYN-PWY	5721	8191	6324	5771	3764	7381	4288	4543	4796	4610	2307	6725	2052	5072	4712	5807	4828	4038
UDPNAGSYN-PWY	14427	15352	14539	15304	17447	17339	16981	15688	15970	17409	21367	14560	21563	15685	15067	16640	16050	17087
VALDEG-PWY	4	606	373	201	2	11	5	0	0	0	4	0	0	22	8	4	0	50
VALSYN-PWY	22757	25760	23784	22743	25371	21672	24848	23504	21818	24908	28265	22224	27713	22704	22713	22924	22830	24098